lineHeight 66 base 52
32 3 3 20 1 0 52 19.50
33 26 3 26 41 0 11 25.55
34 55 3 29 41 0 11 29.17
35 87 3 47 40 0 12 46.92
36 137 3 39 50 0 10 38.97
37 179 3 56 43 0 10 56.11
38 238 3 49 43 0 10 48.84
39 290 3 17 41 0 11 17.14
40 310 3 26 50 0 9 25.59
41 339 3 26 50 0 9 25.59
42 368 3 29 42 0 10 29.28
43 400 3 47 36 0 16 46.92
44 450 3 21 19 0 41 21.28
45 474 3 23 20 0 32 23.25
46 500 3 21 11 0 41 21.28
47 524 3 21 46 0 11 20.45
48 548 3 39 43 0 10 38.97
49 590 3 39 41 0 11 38.97
50 632 3 39 42 0 10 38.97
51 674 3 39 43 0 10 38.97
52 716 3 39 41 0 11 38.97
53 758 3 39 42 0 11 38.97
54 800 3 39 43 0 10 38.97
55 842 3 39 41 0 11 38.97
56 884 3 39 43 0 10 38.97
57 926 3 39 43 0 10 38.97
58 968 3 22 31 0 21 22.39
59 993 3 22 39 0 21 22.39
60 3 56 47 33 0 19 46.92
61 53 56 47 27 0 25 46.92
62 103 56 47 33 0 19 46.92
63 153 56 32 41 0 11 32.48
64 188 56 56 49 0 13 56.00
65 247 56 44 41 0 11 43.34
66 294 56 43 41 0 11 42.69
67 340 56 41 43 0 10 41.09
68 384 56 46 41 0 11 46.48
69 433 56 38 41 0 11 38.25
70 474 56 38 41 0 11 38.25
71 515 56 46 43 0 10 45.97
72 564 56 47 41 0 11 46.88
73 614 56 21 41 0 11 20.84
74 638 56 25 52 -4 11 20.84
75 666 56 46 41 0 11 43.39
76 715 56 36 41 0 11 35.69
77 754 56 56 41 0 11 55.73
78 813 56 47 41 0 11 46.88
79 863 56 48 43 0 10 47.61
80 914 56 41 41 0 11 41.05
81 958 56 48 50 0 10 47.61
82 3 111 43 41 0 11 43.12
83 49 111 40 43 0 10 40.33
84 92 111 38 41 0 11 38.20
85 133 111 45 42 0 11 45.47
86 181 111 44 41 0 11 43.34
87 228 111 62 41 0 11 61.77
88 293 111 43 41 0 11 43.17
89 339 111 43 41 -1 11 40.55
90 385 111 41 41 0 11 40.61
91 429 111 26 50 0 9 25.59
92 458 111 21 46 0 11 20.45
93 482 111 26 50 0 9 25.59
94 511 111 47 41 0 11 46.92
95 561 111 28 13 0 52 28.00
96 592 111 28 45 0 7 28.00
97 623 111 38 33 0 20 37.80
98 664 111 40 44 0 9 40.09
99 707 111 33 33 0 20 33.20
100 743 111 40 44 0 9 40.09
101 786 111 38 33 0 20 37.98
102 827 111 25 43 0 9 24.36
103 855 111 40 44 0 20 40.09
104 898 111 40 43 0 9 39.88
105 941 111 19 43 0 9 19.20
106 963 111 21 55 -2 9 19.20
107 3 169 39 43 0 9 37.25
108 45 169 19 43 0 9 19.20
109 67 169 58 32 0 20 58.36
110 128 169 40 32 0 20 39.88
111 171 169 38 33 0 20 38.47
112 212 169 40 44 0 20 40.09
113 255 169 40 44 0 20 40.09
114 298 169 28 32 0 20 27.62
115 329 169 33 33 0 20 33.33
116 365 169 27 39 0 13 26.77
117 395 169 40 32 0 21 39.88
118 438 169 37 31 0 21 36.50
119 478 169 52 31 0 21 51.73
120 533 169 36 31 0 21 36.12
121 572 169 37 43 0 21 36.50
122 612 169 33 31 0 21 32.59
123 648 169 40 52 0 9 39.88
124 691 169 20 56 0 9 20.45
125 714 169 40 52 0 9 39.88
126 757 169 47 24 0 28 46.92
699 807 169 21 41 0 11 21.28
700 831 169 21 41 0 11 21.28
8216 855 169 21 41 0 11 21.28
8217 879 169 21 41 0 11 21.28
8220 903 169 37 41 0 11 36.81
8221 943 169 37 41 0 11 36.81
171 983 169 36 29 0 23 36.17
187 3 228 36 29 0 23 36.17
8212 42 228 56 19 0 33 56.00
8211 101 228 28 19 0 33 28.00
8230 132 228 56 11 0 41 56.00
8226 191 228 36 31 0 21 35.80
215 230 228 47 34 0 18 46.92
247 280 228 47 33 0 19 46.92
169 330 228 56 41 0 11 56.00
1025 389 228 38 52 0 0 38.25
1049 430 228 47 52 0 0 46.88
1062 480 228 52 50 0 11 51.95
1059 535 228 43 41 0 11 43.17
1050 581 228 46 41 0 11 45.78
1045 630 228 38 41 0 11 38.25
1053 671 228 47 41 0 11 46.88
1043 721 228 36 41 0 11 35.69
1064 760 228 69 41 0 11 69.19
1065 832 228 74 50 0 11 74.23
1047 909 228 40 43 0 10 39.78
1061 952 228 43 41 0 11 43.17
1066 3 283 53 41 0 11 52.61
1060 59 283 56 41 0 11 55.53
1067 118 283 58 41 0 11 58.03
1042 179 283 43 41 0 11 42.69
1040 225 283 44 41 0 11 43.34
1055 272 283 47 41 0 11 46.88
1056 322 283 41 41 0 11 41.05
1054 366 283 48 43 0 10 47.61
1051 417 283 47 41 0 11 46.52
1044 467 283 50 50 0 11 49.88
1046 520 283 69 41 0 11 68.55
1069 592 283 41 43 0 10 41.09
1071 636 283 43 41 0 11 43.12
1063 682 283 45 41 0 11 45.25
1057 730 283 41 43 0 10 41.09
1052 774 283 56 41 0 11 55.73
1048 833 283 47 41 0 11 46.88
1058 883 283 38 41 0 11 38.20
1068 924 283 43 41 0 11 42.69
1041 970 283 43 41 0 11 42.69
1070 3 336 66 43 0 10 65.73
1105 72 336 38 44 0 9 37.98
1081 113 336 39 43 0 9 39.23
1094 155 336 42 39 0 21 41.52
1091 200 336 37 43 0 21 36.50
1082 240 336 38 31 0 21 38.02
1077 281 336 38 33 0 20 37.98
1085 322 336 39 31 0 21 38.69
1075 364 336 29 31 0 21 29.27
1096 396 336 59 31 0 21 59.47
1097 458 336 62 39 0 21 61.91
1079 523 336 33 33 0 20 32.55
1093 559 336 36 31 0 21 36.12
1098 598 336 42 31 0 21 42.08
1092 643 336 56 55 0 9 55.56
1099 702 336 51 31 0 21 50.64
1074 756 336 35 31 0 21 35.44
1072 794 336 38 33 0 20 37.80
1087 835 336 39 31 0 21 38.69
1088 877 336 40 44 0 20 40.09
1086 920 336 38 33 0 20 38.47
1083 961 336 41 31 0 21 41.02
1076 3 394 45 39 0 21 45.23
1078 51 394 56 31 0 21 55.73
1101 110 394 33 33 0 20 33.20
1103 146 394 36 31 0 21 35.95
1095 185 394 38 31 0 21 38.45
1089 226 394 33 33 0 20 33.20
1084 262 394 46 31 0 21 45.78
1080 311 394 39 31 0 21 39.23
1090 353 394 33 31 0 21 32.45
1100 389 394 35 31 0 21 35.41
1073 427 394 39 45 0 8 39.11
1102 469 394 54 33 0 20 54.44
1038 526 394 43 52 0 0 43.17
1118 572 394 37 55 0 9 36.50
1178 612 394 45 50 0 11 43.39
1179 660 394 38 39 0 21 38.02
1170 701 394 37 41 0 11 37.27
1171 741 394 30 31 0 21 30.41
1202 774 394 43 50 0 11 43.17
1203 820 394 36 39 0 21 36.12
